40.236280  1.013866  3.401511  1.080718  9.267625  7.359080  11.299177  6.857066  18.460085  1.024592
46.669168  11.616900  9.238641  8.074290  9.401001  1.030566  1.000001  1.000001  10.969432  1.000001
46.960173  1.021904  5.263847  18.630183  9.123894  1.018035  11.000002  4.981961  1.000000  1.000001
46.163405  1.010740  5.726849  1.060400  9.038606  1.040578  11.299946  4.980110  18.654099  1.025267
47.001994  11.613951  9.445842  1.479755  9.458458  1.018442  1.009799  1.000001  16.956996  1.014762
44.999994  1.000002  3.000001  1.000001  1.000002  1.049673  11.379556  7.651492  19.280765  9.638514
7.493193  11.368577  9.639602  18.993167  9.505461  38.999994  1.000001  1.000002  1.000001  1.000002
46.802445  1.015394  4.727897  17.658678  8.795585  1.022341  11.300764  6.511771  1.099813  1.065310
40.815344  1.015516  2.573092  17.742618  8.853430  7.185040  11.230890  8.461824  1.073547  1.048699
47.273874  1.015065  8.266917  17.653388  8.790757  1.015906  11.667041  1.878812  1.273836  1.164405
7.494491  11.376046  7.540328  19.060676  9.528459  39.388724  1.000002  2.611271  1.000001  1.000002
40.769319  1.016999  4.125890  18.062437  1.025355  7.192519  11.205601  6.038744  1.063460  9.499676
46.132422  11.185822  5.639394  1.054053  8.988308  1.040528  1.017423  4.980271  18.934351  1.027427
46.882925  12.061196  9.395190  2.672039  9.988649  1.020130  1.000001  1.000001  14.979868  1.000001
41.244551  11.269216  6.877951  16.615645  8.992638  7.145380  1.053995  3.000010  2.709042  1.091573
46.684862  1.016743  8.298723  17.975862  1.023811  1.018815  11.385481  1.335579  1.131104  10.129020
45.980727  1.016963  2.999998  17.977153  1.025160  1.028695  11.185181  8.194748  1.056888  9.534487
40.510253  11.164072  7.297608  1.047761  8.980307  7.212226  1.017387  3.000005  18.743046  1.027336
47.376748  1.020853  9.067460  18.466210  9.068729  1.000000  10.999999  1.000000  1.000000  1.000000
39.891632  1.017057  1.000002  18.065585  1.025724  7.277354  11.156925  10.165448  1.047311  9.352962
7.390445  11.385426  5.517849  19.147705  9.558574  39.840469  1.000002  4.159526  1.000001  1.000002
45.973187  11.292406  1.000003  17.710989  1.023416  1.025313  1.009142  10.413580  1.053634  9.498331
40.116805  1.016992  4.775144  18.065755  1.025305  7.342744  11.214242  5.854708  1.066392  9.521914
40.298996  1.024613  5.407252  19.213463  1.055675  7.309554  11.000028  4.798162  1.000001  8.892255
7.468171  11.276925  8.862751  18.164552  9.227600  39.988143  1.032452  1.620317  1.224172  1.134917
40.215006  1.023745  7.627748  19.081291  1.052210  7.487055  11.000029  2.623066  1.000001  8.889848
41.503885  1.023427  7.610904  19.016939  1.844845  7.361976  11.000030  2.637964  1.000001  7.000028
40.043130  1.016926  6.847627  18.067427  1.024890  7.478195  11.273760  3.464380  1.087358  9.696307
46.490241  11.831683  9.442866  1.545011  9.690198  1.020712  1.007204  1.000001  16.960676  1.011407
7.497650  11.133957  8.864467  16.449103  9.054823  39.775107  1.090980  1.409551  3.491125  1.233238
40.697080  1.012361  9.270825  16.988654  1.031081  7.102965  11.709622  1.000003  1.434415  9.752994
7.518504  11.227110  9.673583  17.244495  9.336308  39.000004  1.078926  1.000003  2.798634  1.122434
46.243733  11.731845  8.310013  1.391469  9.322940  1.025828  1.018025  1.147432  18.754088  1.054627
40.236254  1.012860  7.641043  17.076860  1.032983  7.485997  11.710780  2.622799  1.432043  9.748381
40.723456  1.011445  7.538740  16.770490  8.955869  7.365069  12.015176  2.634899  1.892874  1.091982
46.522302  11.269765  1.000003  17.434449  8.773482  1.016395  1.011974  10.850895  1.072892  1.047845
40.675988  1.023212  9.257144  18.993591  1.050065  7.104221  11.000026  1.000003  1.000001  8.895750
40.207738  1.016129  1.114873  17.615722  1.045539  7.232220  11.717513  8.873559  1.417942  9.758765
40.341168  1.061050  9.598067  1.952479  10.047236  7.223374  11.135100  1.000003  16.631076  1.010447
46.842643  11.401615  7.026374  18.681050  1.048318  1.015344  1.000001  2.994158  1.000000  8.990497
40.629473  1.000002  3.872729  1.000001  8.497794  7.246820  11.426926  5.669504  19.600435  1.056316
46.204473  11.412567  5.554020  18.778172  1.050769  1.032805  1.000001  4.977093  1.000000  8.990100
40.303940  1.017033  2.588798  18.064658  1.025571  7.281905  11.177192  8.073353  1.053941  9.413608
48.375745  11.905365  9.354056  3.580011  9.784822  1.000000  1.000001  1.000001  12.999998  1.000001
41.127241  1.024870  4.542070  19.249135  1.056684  7.103329  11.000028  5.000011  1.000001  8.896631
45.141567  3.099219  7.533023  18.737142  4.489048  3.148260  9.000022  2.851702  1.000001  5.000015
44.907574  3.029503  2.999999  15.917603  4.145321  3.081973  9.820498  8.234924  1.883597  5.979009
48.013103  11.666710  9.263449  6.588815  9.467923  1.000000  1.000001  1.000001  10.999998  1.000001
46.894313  12.074070  7.285784  2.709551  10.036282  1.026464  1.000001  2.993901  14.979633  1.000001
45.911400  11.184122  5.867584  1.053518  8.983377  1.045266  1.017425  4.975781  18.934088  1.027440
40.657879  1.032012  3.117858  15.117742  1.074510  7.242291  11.000037  6.864001  4.999978  8.893693
45.733287  11.000021  6.825437  1.000001  8.441254  1.055506  1.027217  3.431283  20.417113  1.068881
41.395011  1.026357  2.037748  19.478178  1.062705  7.125902  11.000026  6.977243  1.000001  8.896827
7.366312  11.372221  9.656102  19.041480  7.563885  40.379214  1.000002  1.000002  1.000001  1.620781
47.448643  11.000029  8.301553  9.812856  8.436919  1.011454  1.054388  1.282951  10.501328  1.149879
48.388815  11.138893  9.459353  1.163728  8.849211  1.001768  1.017721  1.000001  16.952296  1.028215
47.964375  11.331363  9.249828  7.400231  9.054203  1.000000  1.015732  1.000001  10.960016  1.024251
48.077974  11.128048  9.369623  3.607324  8.817031  1.002074  1.020752  1.000001  14.943957  1.033216
48.226236  11.401001  9.319968  4.894631  9.158164  1.000000  1.012750  1.000001  12.967742  1.019507
5.350609  11.369269  9.681539  19.058786  9.539797  40.999994  1.000001  1.000002  1.000001  1.000002
43.529696  1.026629  1.106575  19.483136  1.853963  5.085250  11.000025  8.914699  1.000001  7.000025
43.653605  1.011364  2.161993  11.130645  1.042393  5.113059  11.539675  6.983955  7.768759  9.594552
46.456157  11.461734  9.284010  6.592630  9.205470  1.029258  1.010387  1.000001  12.943552  1.016802
42.678566  1.023703  1.086467  18.958131  9.253133  5.086606  11.000025  8.913365  1.000001  1.000003
48.724361  11.564360  9.423848  1.897745  9.389685  1.000000  1.010211  1.000001  14.974354  1.015433
43.412562  1.000002  1.000002  1.109892  8.477541  5.118821  11.410721  9.810393  17.607981  1.052085
41.519281  1.000002  1.000002  1.000001  8.480715  5.268419  11.406832  9.798991  19.474174  1.051584
5.332437  11.277151  8.903357  18.226440  9.260616  42.022936  1.031850  1.595819  1.217867  1.131527
42.118701  1.018378  1.258962  1.110379  9.493581  5.246736  11.299891  8.908125  18.521160  1.024088
5.192017  11.372663  9.692067  17.193115  9.550138  42.886924  1.000002  1.000002  1.113071  1.000002
43.971777  1.017966  1.251098  1.290626  9.468533  5.099661  11.304676  8.913978  16.657136  1.024548
46.248080  1.000002  8.311123  1.000001  8.440793  1.024611  11.484654  1.128271  20.291663  1.070801
46.494964  11.550107  8.305205  7.531395  9.118330  1.035701  1.015384  1.229671  12.657686  1.061559
42.196886  11.453329  1.100682  19.188703  1.060401  5.164450  1.000002  8.911080  1.000001  8.924466
41.915412  11.293066  1.000003  17.767868  1.023651  5.197649  1.009013  10.315860  1.052644  9.424835
42.226683  1.027107  1.110208  19.570397  1.065604  5.164451  11.000024  8.911049  1.000001  8.924474
42.435031  1.015530  1.000003  17.714774  8.834662  5.124639  11.200640  10.569648  1.063065  1.042008
42.909137  11.176731  1.112250  10.806407  8.995475  5.118069  1.038169  8.913039  8.869688  1.061035
42.429544  11.270318  1.000003  17.488728  8.811408  5.128660  1.011758  10.741638  1.071212  1.046733
41.519400  11.000020  1.000002  1.000001  8.480577  5.270501  1.024069  9.846988  19.803190  1.055253
42.657424  11.401749  1.080465  18.656181  9.204182  5.086616  1.000002  8.913379  1.000001  1.000002
42.038950  11.297728  1.213542  1.091999  9.357781  5.247445  1.017251  8.908380  18.800571  1.026353
41.841656  11.185727  5.890883  1.054441  9.027292  5.345366  1.017380  4.813472  18.796544  1.027238
43.901900  11.292478  1.208436  1.258079  9.339108  5.100335  1.017540  8.914215  16.941069  1.026841
43.414843  11.000023  1.000003  1.107734  8.477397  5.120843  1.024316  9.858812  17.940219  1.055810
41.519042  11.000023  5.000003  1.000001  8.480931  5.349799  1.025791  5.494924  20.066947  1.062539
41.922139  1.017035  1.000002  18.035226  1.025598  5.195125  11.157950  10.211424  1.047727  9.387774
42.411294  11.162090  7.423835  1.046987  8.955794  5.202677  1.017410  2.950422  18.802047  1.027443
42.430609  11.270846  4.999998  17.487885  8.810662  5.209513  1.018538  6.577253  1.118707  1.075988
45.451858  1.000002  2.548137  1.000001  1.000002  1.045934  11.377937  7.675467  19.266788  9.633874
46.455543  1.016968  2.525308  17.976985  1.025196  1.025412  11.180058  8.219843  1.055179  9.519508
46.648631  1.025630  2.974333  19.292154  1.059252  1.021956  11.000000  6.987696  1.000001  8.990347
47.351117  1.000002  2.547396  1.101482  1.000002  1.024871  11.381212  7.680115  17.274199  9.639603
43.522157  1.000002  1.000003  9.914948  1.562891  5.131200  11.628339  9.927395  8.407253  7.905814
47.820841  1.024160  5.343755  19.054855  1.756388  1.017855  11.000002  4.982138  1.000001  7.000004
46.897560  1.016872  6.084560  17.976412  1.024596  1.015801  11.265813  3.859959  1.084964  9.773463
45.249085  1.000002  4.750910  1.000001  1.000002  1.052207  11.389865  5.516998  19.371833  9.669097
45.739847  1.014591  6.104419  1.085721  1.055422  1.052627  11.276290  4.978808  18.362146  9.330129
47.033024  1.023751  6.889751  19.001688  1.051786  1.009382  11.000002  2.999994  1.000001  8.990622
5.276985  11.386131  5.532532  19.212164  9.592188  41.869037  1.000002  4.130958  1.000001  1.000002
40.999974  11.000021  1.000002  1.000001  1.000002  5.352316  1.021643  9.717751  19.331631  9.576659
42.262921  1.015437  5.570353  1.092008  1.059281  5.258558  11.275796  4.971556  18.231157  9.262933
46.260589  1.025455  3.389965  19.265435  1.058556  1.025207  11.000001  6.984572  1.000001  8.990219
47.484053  1.016981  1.497095  17.976593  1.025278  1.015121  11.168401  8.279699  1.051321  9.485459
43.375007  1.017023  1.550445  18.032005  1.025520  5.118913  11.166806  8.246492  1.050625  9.417163
43.469366  1.026301  1.998133  19.443896  1.062305  5.088283  11.000025  6.984266  1.000001  8.927424
46.846609  1.010383  3.130513  10.974171  1.038323  1.025333  11.538284  6.987487  7.792888  9.656008
46.015119  1.000002  2.543208  1.000001  8.441670  1.035265  11.418097  7.789572  19.702635  1.054431
42.904177  1.023849  6.953454  19.066058  1.052461  5.073090  11.000028  3.000001  1.000001  8.926878
47.900516  11.000030  8.308300  3.351653  8.439500  1.007373  1.033540  1.166125  16.703225  1.089738
47.550323  1.021369  6.786096  18.546537  9.095675  1.000000  11.000002  2.999997  1.000000  1.000001
42.355351  1.017012  2.567655  18.034536  1.025447  5.198363  11.178154  8.121100  1.054355  9.448028
48.157488  11.000022  8.309504  1.093040  8.439946  1.006515  1.029510  1.144498  18.741003  1.078473
42.331331  11.414781  5.354029  18.848293  1.051566  5.218913  1.000002  4.857097  1.000001  8.923987
47.377141  1.021352  6.962531  18.544083  9.094892  1.005647  11.000003  2.994349  1.000000  1.000001
43.471597  11.424604  3.362151  18.922998  1.818649  5.114542  1.000002  6.885430  1.000001  7.000025
42.722266  11.392622  9.188156  18.650384  1.046573  5.073352  1.000002  1.000002  1.000001  8.926643
41.817618  1.009896  2.999999  16.158445  1.014042  5.289060  11.747241  8.031500  1.755244  10.176954
46.518779  1.007890  9.548579  1.043459  8.881293  1.019876  11.299737  1.000001  18.654706  1.025681
5.176624  11.282457  8.909807  16.358822  9.272290  43.819902  1.030507  1.553011  1.471477  1.125104
43.002011  1.000002  2.585473  3.412511  1.000003  5.198212  11.422349  7.638645  15.104602  9.636192
47.699390  11.112081  9.238105  8.181190  8.769234  1.002971  1.029894  1.000001  10.918707  1.048427
47.861481  11.119343  9.297812  5.930285  8.791078  1.002457  1.024617  1.000001  12.933304  1.039621
42.331331  11.414781  5.354029  18.848293  1.051566  5.218913  1.000002  4.857097  1.000001  8.923987
46.469224  11.122963  9.328256  5.277188  8.802370  1.026027  1.022729  1.000001  14.914757  1.036486
41.757731  11.248362  3.337950  5.606309  1.049648  5.389562  1.020436  6.895801  14.305827  9.388373
48.077973  11.128048  9.369623  3.607325  8.817030  1.002074  1.020752  1.000001  14.943957  1.033216
47.550323  1.021369  6.786096  18.546537  9.095675  1.000000  11.000002  2.999997  1.000000  1.000001
46.688374  11.161115  7.189014  1.046342  8.915156  1.019907  1.017453  2.999998  18.935007  1.027635
47.035399  1.000002  1.523161  1.000001  8.441437  1.024355  11.412771  7.853400  19.656319  1.053154
47.703305  1.009409  5.602962  3.717581  8.966743  1.020460  11.352476  4.981554  14.615393  1.030117
47.186682  1.000002  1.000003  3.372215  8.441098  1.015623  11.460837  9.952883  15.512112  1.058546
46.758295  1.022599  3.320848  18.738115  9.160142  1.014913  11.000001  6.985085  1.000000  1.000001
47.180822  1.010840  1.134683  8.621752  9.051902  1.013951  11.497705  8.988923  10.456515  1.042905
47.699390  11.112081  9.238104  8.181191  8.769234  1.002971  1.029894  1.000001  10.918707  1.048427
48.054011  1.015479  1.475349  17.658964  8.796197  1.006777  11.216605  8.661970  1.068864  1.045783
49.216272  1.014800  2.268905  1.239754  9.260269  1.003588  11.304650  6.998061  16.668618  1.025084
43.360502  11.198611  8.188789  1.212589  1.039509  5.368962  1.016079  2.721359  16.601256  9.292344
48.404645  11.159251  7.353480  1.173410  8.909214  1.007559  1.017700  2.994223  16.952472  1.028046
47.950821  1.027107  4.809821  7.899734  9.312518  1.005722  11.206842  4.996937  10.773191  1.017309
47.727157  11.417210  9.248622  7.463622  9.143389  1.002855  1.011675  1.000001  10.966508  1.018961
47.594059  1.022023  4.605763  18.648305  9.129850  1.003006  11.000001  4.996992  1.000000  1.000001
47.861481  11.119343  9.297812  5.930285  8.791078  1.002457  1.024617  1.000001  12.933304  1.039621
47.929834  1.000003  4.062228  5.567685  8.440251  1.008448  11.548985  5.794162  13.575260  1.073146
47.510875  1.015409  4.019712  17.658481  8.795523  1.009214  11.284991  6.550414  1.093809  1.061571
48.391892  1.000002  4.069202  1.098073  8.440831  1.007358  11.434893  5.672761  17.826919  1.058070
46.450852  1.024476  5.355736  19.114278  1.054657  1.028492  11.000002  4.981291  1.000001  8.990214
41.870862  11.000024  4.129110  1.000001  1.000003  5.278917  1.022696  5.564576  19.499793  9.634018
41.835096  11.476004  1.420954  1.164633  1.103312  5.332134  1.015567  8.904626  18.463095  9.284577
47.015229  11.401959  6.850439  18.683979  1.048394  1.009382  1.000001  2.999997  1.000000  8.990621
44.999974  11.000024  2.999998  1.000001  1.000002  1.049894  1.022285  7.686535  19.563014  9.678273
41.519296  11.000024  2.999995  1.000001  8.480683  5.298735  1.024811  7.700925  19.917150  1.058380
46.688373  11.161115  7.189014  1.046342  8.915156  1.019907  1.017453  2.999998  18.935007  1.027635
42.156179  11.430483  3.371133  18.987065  1.055140  5.195548  1.000002  6.880439  1.000001  8.924010
42.888792  11.000024  1.000002  1.111180  1.000002  5.193677  1.021856  9.728575  17.468391  9.587502
47.861481  11.119343  9.297812  5.930286  8.791078  1.002457  1.024617  1.000001  12.933304  1.039621
44.308596  11.000027  1.581044  1.110330  1.000003  5.117912  1.022073  7.755786  17.502298  9.601931
47.345268  11.162159  7.373818  6.087489  1.031266  1.017705  1.022005  2.993985  12.475831  9.490473
42.413815  11.000024  1.586157  1.000001  1.000002  5.264785  1.021861  7.749894  19.371985  9.591474
47.024537  11.488347  7.113761  14.315085  1.058270  1.015349  1.000001  2.994128  4.999988  8.990533
42.820987  11.494520  4.607451  6.727904  9.349139  5.216650  1.010389  5.000017  12.756342  1.016601
44.599309  11.000027  3.819360  1.105907  8.475398  5.039425  1.025658  5.727017  18.146389  1.061510
46.660860  11.000026  3.780578  1.100771  8.457765  3.022037  1.025706  5.733191  18.157264  1.061802
43.408852  11.128979  1.547753  15.904875  1.009542  5.118989  1.060583  8.288938  2.020680  10.510810
43.450251  11.441446  1.969600  19.081065  1.057638  5.088255  1.000002  6.984311  1.000001  8.927430
45.959135  11.565129  7.348873  7.059063  1.067800  1.047653  1.009451  2.993530  12.727605  9.221760
42.695359  11.000024  3.826265  1.000001  8.478351  5.177765  1.025402  5.721089  20.014849  1.060894
42.121443  11.207629  7.566847  1.062643  1.041437  5.229936  1.015844  3.000001  18.466972  9.287246
42.570795  11.163077  7.260721  1.047289  8.958118  5.151205  1.017410  3.000005  18.803942  1.027437
41.820027  11.000022  6.179946  1.000001  1.000003  5.258152  1.023637  3.389001  19.646001  9.683210
42.349826  11.000022  6.171665  1.000001  8.478485  5.184166  1.026859  3.483818  20.238028  1.067129
42.945793  11.000024  1.575802  1.000001  8.478380  5.188777  1.024354  7.876859  19.853548  1.056462
47.623819  11.278784  1.910759  17.148677  1.037962  1.011106  1.054640  6.998059  1.772134  10.164060
46.888641  11.360519  2.559695  1.116318  1.074827  1.032083  1.015716  6.997801  18.599836  9.354563
48.458739  11.381637  8.308768  7.239918  1.610938  1.007448  1.021830  1.156118  12.007806  7.806797
48.263048  11.312250  9.200271  14.566210  1.658221  1.005720  1.024210  1.000001  4.453575  7.516494
47.034022  11.723320  1.519161  1.408959  9.314538  1.025231  1.013515  7.917408  18.007592  1.036253
46.810327  11.725259  3.742980  1.404966  9.316468  1.023862  1.014512  5.748484  18.172892  1.040251
47.003765  11.876868  4.692097  1.591088  9.836181  1.020537  1.007197  5.000001  16.960991  1.011274
47.164900  11.646683  4.477639  8.215236  9.495542  1.030475  1.000001  5.000003  10.969520  1.000001
46.682821  11.744471  4.636082  8.845186  1.091440  1.042374  1.000001  5.000002  10.967602  8.990021
47.332327  11.417117  4.380934  18.817833  1.051789  1.009323  1.000001  4.999998  1.000000  8.990679
42.161947  11.000020  8.359683  1.000001  8.478348  5.192369  1.028984  1.139185  20.563091  1.076371
42.160181  11.000024  3.839791  1.000001  1.000003  5.252642  1.022628  5.602715  19.490740  9.631275
47.279756  11.292627  3.694551  17.709998  1.023067  1.014702  1.011980  6.246642  1.071862  9.654815
46.243350  11.000023  3.756623  1.000001  1.000002  1.032983  1.022711  5.613076  19.630215  9.701015
47.367765  11.255038  4.398472  16.945315  1.033409  1.009175  1.054369  5.000003  1.779713  10.156740
47.920872  11.514397  9.317885  4.970420  9.276426  1.002327  1.009454  1.000001  12.972982  1.015236
47.877203  11.000033  3.750721  3.372040  1.000003  1.014025  1.025680  5.663096  15.515372  9.781827
48.250579  11.751629  9.419846  1.990723  9.587223  1.001884  1.007541  1.000001  14.978587  1.011987
48.752698  11.791888  4.664893  2.067844  9.722676  1.001874  1.007552  5.000000  14.978691  1.011883
48.622282  11.662672  3.740611  1.734360  9.240075  1.005120  1.014925  5.762013  16.176480  1.041461
48.901030  11.192178  4.711095  1.189499  9.006197  1.001752  1.017667  5.000000  16.952803  1.027777
47.312738  11.128598  3.702044  15.847250  1.009370  1.014269  1.062243  6.168065  2.076904  10.678519
46.814524  11.000023  3.744357  1.000001  8.441095  1.023238  1.025507  5.734193  20.155544  1.061518
47.877203  11.000034  3.750721  3.372039  1.000003  1.014025  1.025680  5.663096  15.515372  9.781827
46.250910  11.000034  3.749073  4.999980  1.000003  1.039016  1.027519  5.691371  15.412356  9.829738
46.779086  11.497907  8.309883  1.338696  9.074428  1.023477  1.020888  1.146871  18.749147  1.059617
46.556324  11.257189  5.055925  1.078845  1.051718  1.029928  1.015825  4.999999  18.599582  9.354666
48.294682  11.581305  4.440899  9.282279  9.400835  1.000000  1.000001  5.000003  8.999995  1.000001
46.034691  1.009919  9.862186  1.056255  1.036949  1.030149  11.275983  1.000002  18.363184  9.330683
45.686873  1.000002  8.313122  1.000001  1.000002  1.034128  11.423853  1.098791  19.672888  9.770340
45.982608  1.038960  8.310708  8.609281  1.058443  1.046610  11.200335  1.140860  12.034101  9.578094
47.704117  11.488423  8.302628  8.463845  9.040987  1.007611  1.017112  1.262969  10.643076  1.069232
45.687355  11.000020  8.312621  1.000001  1.000002  1.034507  1.025139  1.107339  20.005838  9.827176
48.233554  1.022808  9.161002  18.845256  1.737379  1.000000  10.999998  1.000001  1.000000  7.000001
46.856482  1.023074  9.174522  18.896799  1.049123  1.009415  10.999999  1.000001  1.000000  8.990586
46.623404  1.000002  8.304081  14.072510  1.000002  1.022399  12.188151  1.245510  3.533025  11.010916
46.860714  1.023729  7.065399  18.998456  1.051702  1.015366  11.000003  2.994133  1.000001  8.990498
46.684622  11.293787  8.292585  17.707347  1.021659  1.020633  1.024794  1.440564  1.165504  10.348505
46.006287  11.172164  9.737090  1.050704  1.033755  1.030247  1.015917  1.000001  18.599168  9.354666
45.693400  1.000002  6.306595  1.000001  1.000002  1.039095  11.403209  3.358428  19.490290  9.708978
46.540865  1.009151  7.448173  1.050868  8.950942  1.026317  11.299831  2.993751  18.654604  1.025496
46.700157  1.016869  6.281879  17.976518  1.024578  1.020518  11.268497  3.843740  1.085937  9.781308
46.078103  1.011902  7.796785  1.068508  1.044702  1.037100  11.276113  2.993355  18.362906  9.330527
45.981050  1.016922  5.000006  17.977115  1.024907  1.035144  11.221028  6.034385  1.069093  9.640349
46.778525  1.011910  5.513458  16.769140  8.926967  1.022166  12.014972  4.977834  1.892743  1.092284
46.733423  1.021867  5.498233  18.624463  9.122014  1.022153  11.000003  4.977843  1.000000  1.000001
45.558331  1.000002  5.000004  1.000001  8.441662  1.045475  11.435429  5.605152  19.855321  1.058622
45.465328  1.084567  6.159129  3.116663  1.174312  1.060486  11.132814  4.974277  16.675428  9.156995
46.225748  1.024426  5.588801  19.106569  1.054457  1.032877  11.000003  4.977019  1.000001  8.990101
44.999988  1.000002  5.000007  1.000001  1.000002  1.056758  11.390670  5.502519  19.378693  9.671359
46.727501  11.130383  8.297242  15.835781  1.009093  1.019165  1.070701  1.360677  2.365969  11.183487
47.391855  1.014204  6.301323  1.238767  1.053852  1.035413  11.280084  4.975901  16.373128  9.335473
46.899154  1.000002  5.000008  1.100834  1.000002  1.034409  11.394044  5.507399  17.386673  9.677476
46.309944  1.026923  1.107376  19.491299  1.064459  1.021103  10.999999  8.988613  1.000001  8.990284
46.088668  1.030672  1.550045  1.205668  1.124947  1.043362  11.277581  8.987621  18.361494  9.329941
47.015967  7.181053  5.547236  16.911888  4.343856  1.033488  5.354599  4.977480  2.016282  5.618150
46.814338  1.009544  2.999998  16.019832  4.156289  1.027418  11.837201  8.265942  1.996350  5.873090
1.045829  11.370642  9.769178  19.202195  9.612157  44.999994  1.000001  1.000002  1.000001  1.000002
46.898089  1.000002  1.000002  1.101906  1.000002  1.024581  11.373872  9.773959  17.209859  9.617729
46.361876  1.023669  7.573390  18.989599  1.051466  1.045273  11.000004  2.964777  1.000001  8.989945
46.343432  11.400656  7.534759  18.673047  1.048107  1.045144  1.000001  2.964909  1.000000  8.989946
46.336060  1.015865  1.110427  17.493438  1.044210  1.020973  11.715724  8.988626  1.420838  9.853840
47.038621  11.000023  1.520088  1.000001  8.441267  1.024611  1.024445  7.902403  19.991545  1.056996
47.304549  11.251552  2.186243  1.075433  9.182224  1.021801  1.017346  6.997945  18.936017  1.026892
46.162177  1.016861  6.819483  17.976949  1.024530  1.043830  11.275784  3.789347  1.088591  9.802447
45.172516  1.000002  6.827479  1.000001  1.000002  1.067297  11.404705  3.312719  19.502413  9.712867
45.959338  11.621856  8.309862  8.057909  1.051035  1.046027  1.011206  1.155167  12.160356  9.627245
46.876881  1.021307  7.471569  18.537414  9.092829  1.033890  11.000004  2.966104  1.000000  1.000001
47.710850  3.096864  9.114598  18.629733  4.447955  1.000000  8.999999  1.000001  1.000000  4.999999
47.619090  1.016716  6.818743  17.946771  1.598681  1.032336  11.285338  3.825162  1.092276  7.764888
45.977568  1.008257  9.611184  5.372538  1.030454  1.036766  11.345871  1.000002  14.200065  9.417296
48.062577  1.017541  1.240655  1.269495  9.409732  1.012693  11.305088  8.989022  16.668461  1.024735
46.200509  1.017885  1.246862  1.106141  9.428603  1.032244  11.300509  8.988226  18.654717  1.024304
48.679863  11.000033  1.515022  3.364584  8.440498  1.006736  1.027877  7.974232  15.926710  1.064445
47.204430  3.030243  7.670250  8.274343  8.820733  1.037486  9.406838  2.965479  10.546019  1.044177
47.052105  3.114290  7.535985  14.093753  9.203868  1.033988  9.000010  2.966009  4.999991  1.000002
45.558137  1.000002  1.000002  1.000001  8.441859  1.035045  11.408520  9.886468  19.617832  1.052135
47.459387  1.000002  1.000002  1.099305  8.441305  1.015117  11.412222  9.892230  17.627838  1.052593
47.710635  11.000030  8.306727  5.543704  8.438904  1.008409  1.038578  1.193675  14.655347  1.103990
47.033024  1.023751  6.889751  19.001688  1.051786  1.009382  11.000002  2.999994  1.000001  8.990622
46.698197  1.038282  9.283503  8.492030  9.487988  1.031258  11.000008  1.000001  10.968731  1.000001
46.650836  11.139357  7.043223  5.316034  8.850551  1.025976  1.022743  3.000000  14.914916  1.036366
46.448344  11.000021  6.110755  1.000001  8.440879  1.024084  1.027013  3.493868  20.387037  1.067999
46.355814  1.015162  5.481824  1.089469  1.057731  1.033714  11.276331  4.996446  18.362971  9.330538
45.358365  1.017848  3.000003  6.596207  1.027577  1.056977  11.328298  7.763037  13.255491  9.596197
45.249085  1.000002  4.750910  1.000001  1.000002  1.052207  11.389865  5.516998  19.371833  9.669097
48.436457  11.411007  4.652437  18.754767  1.745332  1.002969  1.000001  4.997028  1.000000  7.000002
47.510875  1.015409  4.019712  17.658481  8.795523  1.009214  11.284991  6.550414  1.093809  1.061571
46.482492  1.006810  9.387407  5.299690  8.823602  1.026032  11.380889  1.000001  14.559900  1.033177
45.558231  1.000002  2.999998  1.000001  8.441768  1.038743  11.420291  7.764288  19.721720  1.054958
44.999994  1.000002  3.000001  1.000001  1.000002  1.049673  11.379556  7.651492  19.280765  9.638514
46.483858  11.130851  9.393406  3.166042  8.825844  1.022633  1.019786  1.000001  16.925961  1.031619
45.517013  1.052609  3.774296  5.535528  1.120553  1.055346  11.151484  6.982957  14.628949  9.181264
45.690054  1.019115  4.100458  1.116353  1.074020  1.048687  11.276612  6.982654  18.361999  9.330048
45.172896  11.000021  6.827079  1.000001  1.000002  1.067431  1.023883  3.336998  19.810394  9.761295
47.594059  1.022023  4.605763  18.648305  9.129850  1.003006  11.000001  4.996992  1.000000  1.000001
47.838345  7.082010  7.185345  8.291899  6.602401  1.008568  5.220123  2.994248  10.574893  3.202167
48.107280  3.066319  4.711183  14.741116  4.374103  1.003009  9.428849  4.996995  4.197423  5.373724
46.252276  11.000030  8.308073  4.999960  8.439660  1.031447  1.036341  1.181334  16.653251  1.097628
46.460770  1.031581  3.458868  14.976742  1.072039  1.025221  11.000011  6.984538  4.999974  8.990257
47.564692  11.000030  8.304596  7.692592  8.438090  1.009719  1.045188  1.230567  12.591560  1.122967
46.720376  11.363359  9.285421  6.527820  9.103024  1.026166  1.014008  1.000001  12.938314  1.021510
45.866438  1.009908  2.999998  16.109696  1.013959  1.037055  11.760419  8.147698  1.789918  10.264909
47.604729  11.423093  3.355084  18.861824  1.755271  1.014698  1.000001  6.985299  1.000000  7.000002
45.687322  1.081610  8.312700  2.794913  1.123455  1.036724  11.287835  1.106647  17.950919  9.617875
45.923301  1.000002  4.076694  1.000001  1.000002  1.036090  11.387528  5.561852  19.351972  9.662558
46.936520  1.016935  4.044918  17.976642  1.024986  1.017136  11.209489  6.101561  1.065120  9.606694
45.558392  11.000023  2.999994  1.000001  8.441589  1.039018  1.024925  7.812288  20.064736  1.059033
46.766451  11.129015  3.341860  14.948666  8.814008  1.022728  1.077445  6.984882  4.784515  1.130430
46.488479  1.000002  4.070161  1.000001  8.441357  1.026059  11.431025  5.667994  19.817368  1.057555
47.794264  11.133832  4.709427  10.530180  8.832297  1.006794  1.037900  4.996958  8.896841  1.061507
45.925217  11.000023  4.074756  1.000001  1.000002  1.036331  1.022785  5.594597  19.641515  9.704772
47.070082  1.000002  4.063980  9.865933  1.000003  1.018653  11.647686  5.769689  8.509578  10.054394
46.926107  11.843282  5.248471  1.871116  1.111024  1.032512  1.008861  4.996579  16.762267  9.199781
46.936346  11.292652  4.037890  17.710078  1.023033  1.017631  1.012262  6.226253  1.073714  9.670140
47.081828  1.024638  4.699395  19.138845  1.055295  1.012540  11.000001  4.996879  1.000001  8.990580
44.999975  11.000020  1.000002  1.000001  1.000002  1.046042  1.021730  9.806026  19.476845  9.649357
46.017275  11.000023  2.541207  1.000001  8.441494  1.035532  1.024784  7.837986  20.043263  1.058434
45.249222  2.999998  4.750776  1.000001  1.000002  1.052247  9.321585  5.522942  19.426109  9.677116
46.650759  11.780495  9.688620  1.786581  1.093545  1.028997  1.008867  1.000001  16.762887  9.199248
45.000003  1.000002  1.000002  2.999991  1.000002  1.048643  11.402763  9.806291  17.082427  9.659875
46.258825  11.000021  6.300202  1.000001  8.440951  1.029344  1.027068  3.480161  20.395193  1.068235
47.357723  1.008282  3.009265  10.712511  8.912218  1.015559  11.609102  6.987963  8.333285  1.054091
47.452145  11.000031  6.285107  9.824613  8.438104  1.013787  1.049510  3.773796  10.039025  1.123883
47.020449  1.015459  2.508649  17.659187  8.796255  1.016545  11.235675  8.622019  1.075645  1.050115
45.694656  11.000022  6.305318  1.000001  1.000002  1.039366  1.023786  3.383613  19.796448  9.756788
46.040760  11.203394  7.654818  1.060780  1.040248  1.037111  1.015883  2.993445  18.599036  9.354525
46.518083  11.160435  7.362108  1.046133  8.913241  1.026372  1.017454  2.993805  18.934728  1.027640
46.699736  11.292980  6.275286  17.709420  1.022578  1.021259  1.016182  3.978046  1.100401  9.884113
45.881924  11.000022  6.118051  1.000001  1.000002  1.033725  1.023750  3.396235  19.791218  9.755072
46.899957  11.292963  6.075137  17.709344  1.022599  1.016623  1.015992  3.994422  1.099070  9.873893
46.586223  11.657436  6.117091  1.582932  1.056319  1.032218  1.016086  3.406343  17.941633  9.603720
46.491365  11.000023  4.067448  1.000001  8.441162  1.026365  1.025614  5.714245  20.171800  1.061975
42.887714  11.403507  6.913461  18.746308  1.049010  5.073114  1.000002  3.000004  1.000001  8.926878
42.214958  11.257183  5.396295  1.079463  1.052101  5.258887  1.015790  4.972017  18.466462  9.286844
42.939225  11.000031  6.163954  9.896788  1.000003  5.134499  1.041599  3.574229  9.083001  10.166672
42.781055  11.293586  6.137985  17.764540  1.022833  5.130233  1.015690  3.964420  1.096619  9.793038
41.820027  11.000022  6.179946  1.000001  1.000003  5.258152  1.023637  3.389001  19.646001  9.683210
43.079702  11.139389  7.101081  10.653559  1.026269  5.099594  1.032651  3.000005  8.209924  9.657826
42.136762  11.205406  5.124088  5.493204  1.040539  5.305518  1.020402  4.972502  14.313397  9.388181
41.870862  11.000024  4.129110  1.000001  1.000003  5.278917  1.022696  5.564576  19.499793  9.634018
42.121443  11.207629  7.566847  1.062643  1.041437  5.229936  1.015844  3.000001  18.466972  9.287246
41.818392  1.000002  6.181603  1.000001  1.000002  5.255795  11.400892  3.364180  19.342946  9.636186
46.538886  11.000026  1.000003  14.025027  8.436057  1.022313  1.080809  10.497744  5.224171  1.174963
46.508720  1.000002  1.000003  14.054413  8.436862  1.021693  12.231698  10.428347  4.161331  1.156931
46.715054  1.033298  6.101172  7.962700  9.187776  1.034359  11.203663  3.629402  12.091470  1.041105
46.448344  11.000021  6.110755  1.000001  8.440879  1.024084  1.027013  3.493868  20.387037  1.067999
46.445379  1.000002  6.113508  1.000001  8.441110  1.023691  11.452346  3.455273  20.005927  1.062764
46.846880  11.629098  6.952573  8.131728  9.439721  1.030545  1.000001  3.000000  10.969453  1.000001
5.397765  11.388548  5.388534  19.228486  9.596667  41.224542  1.000002  4.775453  1.000001  1.000002
47.647931  11.000031  6.089182  9.824800  8.438057  1.009217  1.049394  3.789878  10.028229  1.123282
46.513293  1.033627  8.306974  7.948879  9.197227  1.035737  11.264686  1.199614  12.445594  1.054369
47.747029  11.117969  6.901350  10.447954  8.785698  1.003717  1.037781  3.000001  8.896951  1.061550
47.182103  1.009188  8.283192  15.871233  8.654283  1.021614  12.182205  1.599447  2.977317  1.219416
48.267407  1.008193  7.153096  3.672202  8.899102  1.001932  11.351680  2.999996  14.616124  1.030269
48.022140  1.041641  9.308422  7.064813  9.562985  1.000000  11.000005  1.000001  10.999992  1.000001
47.484956  1.015307  6.048112  17.657351  8.794273  1.009155  11.388969  4.379588  1.135324  1.086963
46.241166  1.056917  8.310793  1.727831  9.663293  1.025695  11.326202  1.134254  18.465028  1.048822
47.276680  1.015301  6.256357  17.657388  8.794274  1.013377  11.395040  4.365191  1.137894  1.088499
46.256688  1.000002  6.302125  1.000001  8.441183  1.028985  11.453157  3.442031  20.012865  1.062963
47.588635  1.000002  8.312379  1.098982  1.000002  1.014352  11.427562  1.099639  17.680906  9.777541
46.482601  1.056327  4.068998  1.744575  9.647499  1.027093  11.269544  5.688093  17.978084  1.037187
46.250362  1.056571  6.301327  1.737664  9.654075  1.030033  11.292754  3.458202  18.177100  1.041911
47.710635  11.000030  8.306727  5.543704  8.438904  1.008409  1.038578  1.193675  14.655347  1.103990
47.321414  1.006368  8.282016  15.793609  8.596594  1.013240  12.349569  1.617402  2.777206  1.242583
47.713707  1.022004  9.122021  18.689896  4.452372  1.000000  11.000000  1.000001  1.000000  4.999998
45.880116  1.000002  6.119879  1.000001  1.000002  1.033430  11.402664  3.370692  19.485727  9.707487
47.781049  1.000002  6.118851  1.100096  1.000002  1.013783  11.406142  3.373319  17.492859  9.713897
46.875225  11.228023  9.153845  16.714614  1.028294  1.009267  1.054054  1.000001  1.788436  10.148241
46.235340  11.428493  3.362977  18.918830  1.054360  1.025173  1.000001  6.984608  1.000000  8.990218
45.249793  11.000023  4.750180  1.000001  1.000002  1.052422  1.022934  5.548745  19.663778  9.712121
45.685941  11.244364  5.946285  1.074457  1.048952  1.052426  1.015838  4.979108  18.598479  9.354149
45.558392  11.000023  2.999994  1.000001  8.441589  1.039018  1.024925  7.812288  20.064736  1.059033
44.999974  11.000024  2.999998  1.000001  1.000002  1.049894  1.022285  7.686535  19.563014  9.678273
46.456456  11.116035  9.271207  7.374652  8.781650  1.030539  1.026628  1.000001  12.899865  1.042967
45.690054  1.019115  4.100458  1.116353  1.074020  1.048687  11.276612  6.982654  18.361999  9.330048
46.131960  1.000002  3.000001  9.868034  1.000003  1.030646  11.635676  7.870361  8.447638  10.015679
46.626440  11.000034  3.000000  3.373523  1.000003  1.028831  1.025203  7.739909  15.449743  9.756314
46.271243  11.440508  2.999998  11.252154  1.036097  1.027817  1.007984  7.977612  7.547148  9.439440
47.015229  11.401959  6.850439  18.683979  1.048394  1.009382  1.000001  2.999997  1.000000  8.990621
46.430131  11.413362  5.320467  18.785093  1.050947  1.028432  1.000001  4.981354  1.000000  8.990213
45.811217  11.000022  4.747373  1.000001  8.441386  1.041488  1.025828  5.665876  20.203921  1.062887
46.976411  11.495691  6.109837  1.345658  9.072403  1.022405  1.018747  3.504202  18.403952  1.050694
46.964413  11.252783  6.099513  11.664522  1.018768  1.018299  1.027089  3.648543  7.327195  9.978874
45.863113  1.091285  1.374452  3.444672  1.226477  1.046496  11.134720  8.987722  16.672206  9.158857
47.595449  1.024112  5.577181  19.047423  1.755835  1.021922  11.000002  4.978071  1.000001  7.000005
47.016698  11.632429  7.339071  1.496006  9.515796  1.024733  1.009793  2.993900  16.956883  1.014691
47.148560  1.041826  7.411600  1.712659  9.685355  1.024958  11.176336  2.993867  16.791454  1.013385
44.447834  11.140605  9.498122  1.040219  8.873220  3.087126  1.017458  1.000002  18.867695  1.027719
44.206013  11.000019  8.334759  1.000001  8.459207  3.110124  1.029103  1.141052  20.642706  1.077016
47.888352  11.170700  9.724205  1.183309  1.033435  1.010857  1.016133  1.000001  16.612858  9.360151
7.558191  11.387873  5.328658  19.162946  9.562331  39.212547  1.000002  4.787448  1.000001  1.000002
40.298996  1.024613  5.407252  19.213463  1.055675  7.309556  11.000028  4.798161  1.000001  8.892254
7.494494  11.376045  7.540328  19.060675  9.528458  39.388724  1.000002  2.611271  1.000001  1.000002
40.474026  1.025808  3.042977  19.396697  1.060492  7.242019  11.000026  6.864511  1.000001  8.893443
47.151573  1.022722  2.902097  18.757132  9.166476  1.011889  11.000000  6.988109  1.000000  1.000001
7.482647  11.275858  6.847702  18.165748  9.228045  39.912062  1.020460  3.859404  1.127462  1.080611
39.611097  11.000021  8.388878  1.000001  1.000003  7.371690  1.024902  1.103865  19.782463  9.717079
40.117012  11.000020  8.385042  1.000001  8.497924  7.270791  1.028867  1.137351  20.487259  1.075732
40.298960  11.000022  6.203074  1.000001  8.497942  7.259281  1.026781  3.478827  20.168417  1.066693
46.919373  11.292067  6.872291  16.881719  1.034551  1.019871  1.043269  2.999999  1.947797  9.989064
46.800609  11.183029  6.082324  15.921384  1.012654  1.025374  1.054269  3.894101  2.342651  10.683605
48.093769  11.582618  8.311423  1.963214  1.048975  1.013080  1.018011  1.113670  16.158318  9.696921
45.809999  1.000002  4.748411  1.000001  8.441586  1.041214  11.434292  5.620640  19.845508  1.058346
46.960173  1.021904  5.263847  18.630183  9.123894  1.018035  11.000002  4.981961  1.000000  1.000001
45.732459  1.000002  6.826046  1.000001  8.441492  1.055335  11.455376  3.394312  20.031470  1.063507
46.582381  1.006306  5.000002  15.813380  8.597931  1.025546  12.167741  6.353697  2.291553  1.161463
46.921183  1.011388  7.489060  16.681720  8.896650  1.033919  12.011707  2.966078  1.896018  1.092278
46.721978  1.015286  6.810772  17.657605  8.794359  1.033933  11.411355  4.317171  1.144884  1.092657
46.898114  1.000003  6.821771  9.841180  8.438932  1.036019  11.786776  3.644830  9.420480  1.111896
47.699389  11.112081  9.238104  8.181192  8.769234  1.002971  1.029894  1.000001  10.918707  1.048427
45.731104  1.023150  6.824149  6.460338  8.961259  1.064869  11.370718  3.512064  13.995147  1.057203
47.019423  11.476002  9.224277  14.224907  1.055392  1.009388  1.000001  1.000001  4.999989  8.990620
44.999969  11.000023  5.000005  1.000001  1.000002  1.056969  1.022985  5.533886  19.671490  9.714670
45.558514  11.000022  5.000002  1.000001  8.441460  1.045744  1.025902  5.649980  20.215168  1.063207
46.157404  11.293030  6.817284  17.709760  1.022521  1.044077  1.016697  3.923550  1.104030  9.911646
47.623424  11.291020  6.816386  17.684208  1.584962  1.032593  1.017338  3.968971  1.108749  7.872349
46.249844  11.373533  8.306940  6.181023  8.888660  1.034547  1.024351  1.201128  14.664031  1.075943
47.597181  11.000025  6.304535  1.098256  1.000003  1.019081  1.024005  3.386848  17.806258  9.763808
49.302579  11.167003  9.692954  1.180910  1.656554  1.001619  1.016293  1.000001  16.646982  7.335105
