0.000058  0.000060  0.999882
0.323845  0.229813  0.446342
0.000060  0.000059  0.999881
0.999876  0.000062  0.000062
0.000060  0.000059  0.999881
0.999877  0.000061  0.000062
0.999875  0.000062  0.000063
0.244783  0.296047  0.459169
0.424795  0.278132  0.297073
0.757358  0.242576  0.000066
0.346950  0.291180  0.361870
0.000058  0.999883  0.000058
0.000058  0.999883  0.000059
0.000058  0.999884  0.000058
0.000061  0.999877  0.000062
0.000060  0.000059  0.999881
0.319012  0.234333  0.446655
0.332875  0.297928  0.369197
0.000058  0.999884  0.000058
0.000059  0.999882  0.000059
0.000061  0.820968  0.178971
0.999868  0.000064  0.000068
0.251425  0.190161  0.558414
0.000064  0.999871  0.000064
0.999876  0.000062  0.000063
0.000061  0.875376  0.124563
0.000063  0.999874  0.000063
0.401470  0.176216  0.422313
0.000058  0.999883  0.000059
0.000059  0.999881  0.000060
0.999878  0.000061  0.000061
0.999874  0.000062  0.000064
0.000058  0.999884  0.000058
0.000058  0.000059  0.999882
0.000058  0.000059  0.999882
0.000060  0.000059  0.999881
0.603295  0.000062  0.396643
0.628459  0.000063  0.371478
0.756338  0.000066  0.243596
0.999872  0.000064  0.000063
0.999872  0.000064  0.000063
0.999873  0.000064  0.000062
0.999872  0.000064  0.000064
0.999873  0.000064  0.000062
0.549828  0.206697  0.243475
