0.000041  0.999877  0.000041  0.000041
0.121355  0.521071  0.113062  0.244513
0.000041  0.999877  0.000041  0.000041
0.000041  0.000041  0.999877  0.000041
0.000041  0.999877  0.000042  0.000041
0.000041  0.000041  0.999877  0.000041
0.000041  0.000041  0.999877  0.000041
0.080827  0.527373  0.086423  0.305377
0.171967  0.366273  0.171265  0.290494
0.773063  0.000042  0.000042  0.226854
0.183563  0.426232  0.097699  0.292505
0.000041  0.000042  0.000041  0.999877
0.000041  0.000041  0.000041  0.999877
0.000041  0.000043  0.000041  0.999876
0.000041  0.000041  0.000041  0.999876
0.000041  0.999877  0.000041  0.000041
0.078414  0.561216  0.109834  0.250536
0.170257  0.435328  0.093944  0.300471
0.000041  0.000042  0.000041  0.999877
0.000041  0.000041  0.000042  0.999876
0.000041  0.172381  0.000041  0.827536
0.000041  0.000042  0.999876  0.000041
0.052739  0.682127  0.055814  0.209320
0.123665  0.000042  0.000041  0.876252
0.000041  0.000041  0.999877  0.000041
0.000041  0.117772  0.000041  0.882146
0.112363  0.000042  0.000041  0.887554
0.259915  0.503975  0.079948  0.156162
0.000041  0.000041  0.000041  0.999877
0.000041  0.000041  0.000041  0.999877
0.000041  0.000041  0.999878  0.000041
0.000041  0.000041  0.999876  0.000041
0.000041  0.000041  0.000041  0.999877
0.000041  0.999878  0.000041  0.000041
0.000041  0.999878  0.000041  0.000041
0.000041  0.999877  0.000041  0.000041
0.000042  0.413439  0.586478  0.000042
0.000042  0.384349  0.615568  0.000042
0.846986  0.152931  0.000041  0.000042
0.999874  0.000041  0.000044  0.000041
0.999875  0.000041  0.000043  0.000041
0.999873  0.000041  0.000045  0.000041
0.999876  0.000041  0.000042  0.000041
0.999873  0.000041  0.000045  0.000041
0.406734  0.279038  0.128825  0.185402
