7.543942  18.561282  15.035354  1.000002  26.859420  10.126514  1.000001  1.000001  17.873484  1.000001
17.146534  18.658096  14.735321  17.410977  3.049072  1.027206  1.000001  1.014955  1.000001  24.957837
10.983494  14.265625  15.141096  17.818269  26.791516  7.000001  4.999997  1.000001  1.000001  1.000001
11.078556  8.436057  14.736903  17.815269  26.933215  6.999997  10.959303  1.040698  1.000001  1.000001
7.438705  5.105227  14.744503  1.000002  26.711563  10.323199  14.776120  1.033503  17.861373  1.005805
17.527042  5.104393  14.570677  17.408881  26.389008  1.011223  14.948566  1.033790  1.000001  1.006420
17.194796  10.957316  1.057254  17.411163  26.379471  1.033634  9.069301  14.878322  1.000001  1.018742
10.557422  14.531751  15.052381  17.845509  1.012938  7.276879  4.999987  1.013506  1.000002  26.709626
10.552916  1.000002  1.013615  17.844537  26.588931  7.253064  18.803980  14.931402  1.000001  1.011553
10.544965  10.957375  1.057325  17.850151  26.590183  7.365724  8.872818  14.743808  1.000001  1.017648
17.368964  8.632900  14.571795  17.410100  1.016241  1.024731  10.957428  1.057442  1.000001  26.960398
10.704236  18.644056  1.040548  17.834420  26.776739  7.147981  1.016598  14.827018  1.000001  1.008402
1.037920  16.823495  15.209810  1.000002  26.928774  17.866311  1.699742  1.000001  17.409215  1.024730
10.779950  12.578708  15.236837  17.837437  26.567068  7.264845  6.722669  1.000001  1.000001  1.012484
10.549491  6.993615  1.019923  17.846965  26.590006  7.301542  12.535820  15.148327  1.000001  1.014310
17.585887  8.214893  1.071969  17.408799  26.718452  1.013151  11.179688  14.799822  1.000001  1.007338
17.406834  19.566719  1.317415  17.409391  27.299642  1.013666  1.000000  12.986333  1.000000  1.000000
16.912102  16.875867  14.791010  17.414596  1.006425  1.078926  1.771228  1.013710  1.000001  28.136134
17.191000  16.970702  1.043584  17.413977  26.380738  1.085554  2.959931  14.907898  1.000001  1.046617
7.435999  11.133786  14.736364  1.000002  26.693849  10.445068  8.634452  1.054039  17.856934  1.009508
7.584139  12.770042  14.691842  1.000002  26.953975  10.124552  6.930725  1.069260  17.875462  1.000001
9.557519  12.580116  15.256470  1.000002  26.605892  8.256300  6.685508  1.000002  18.045948  1.012242
7.433355  12.582799  15.297468  1.000002  26.686376  10.519621  6.614398  1.000002  17.854204  1.011775
7.644016  7.769167  15.506801  1.000002  27.080014  10.121630  10.996384  1.003610  17.878375  1.000001
7.585392  12.230772  15.228107  1.000002  26.955727  10.124490  6.993888  1.006100  17.875521  1.000001
9.762728  9.999981  15.310166  6.999980  26.927144  8.291241  8.995421  1.004576  11.708760  1.000001
17.926905  7.596450  15.345254  17.407059  26.724331  1.000000  10.996387  1.003612  1.000000  1.000000
17.913314  8.335079  14.632003  17.407099  26.712506  1.000001  10.959236  1.040763  1.000001  1.000000
10.353567  7.025505  14.754020  17.859230  1.007678  7.416198  12.555267  1.050789  1.000002  26.977744
10.331146  16.885191  14.900209  17.876943  1.006511  7.779195  1.533768  1.013620  1.000001  27.673416
7.568082  14.310378  15.204868  1.000002  26.916670  10.125337  4.999984  1.000002  17.874676  1.000001
7.955654  1.567467  14.800681  1.000002  27.676196  10.106659  16.973272  1.026732  17.893336  1.000001
17.195270  6.927671  1.087649  17.410811  26.378599  1.027104  13.203901  14.754194  1.000001  1.014801
17.387290  7.911645  15.274392  17.410039  1.016634  1.024705  10.996228  1.017157  1.000001  26.961908
17.205315  14.430434  14.941101  17.410646  1.012504  1.024963  4.999990  1.013599  1.000001  26.961447
17.486191  12.422283  1.050268  17.409113  26.632145  1.013196  7.027347  14.951691  1.000001  1.007765
1.039849  11.135974  14.874313  1.000002  26.949862  17.044384  8.480801  1.054163  17.412005  1.008647
18.233049  18.434912  4.444376  17.406160  26.481503  1.000000  1.022386  10.966333  1.000000  1.011280
10.784903  10.541273  15.266983  17.834469  26.572372  7.205370  8.780147  1.004792  1.000001  1.009691
11.007768  12.181029  15.164757  17.817500  26.828946  7.000000  6.993891  1.006108  1.000001  1.000001
15.123365  13.463573  2.810288  8.986422  12.616352  4.999983  6.107631  12.370528  9.000005  14.521852
19.908923  12.573358  1.573759  10.952817  11.991143  1.000002  6.239423  14.080060  6.999993  14.680522
18.534465  16.932307  1.766009  17.408503  26.358716  1.063489  2.971804  12.917554  1.000001  1.047152
17.242873  12.332820  14.954002  17.410653  3.059653  1.027065  6.993605  1.021282  1.000001  24.958047
1.039793  10.549172  15.463157  1.000002  26.947877  17.031995  8.542738  1.004814  17.412042  1.008411
8.577685  10.543193  15.306409  15.924006  26.648708  9.262970  8.722853  1.004799  2.999991  1.009387
5.383141  18.587487  15.081680  2.999970  26.947723  12.412151  1.000001  1.000001  15.587847  1.000001
7.609114  10.034882  15.348847  1.000002  27.007155  10.123331  8.995417  1.004574  17.876677  1.000001
1.054381  12.339744  15.369342  1.000002  27.236532  16.585585  6.993901  1.006080  17.414432  1.000001
9.398786  18.546558  15.009694  1.234573  26.810389  9.491659  1.000001  1.000001  16.508338  1.000001
15.495906  18.495357  14.922531  1.442978  26.643228  4.999988  1.000001  1.000001  15.000010  1.000001
11.841237  18.511879  14.950312  2.999963  26.696609  5.782603  1.000001  1.000001  16.217394  1.000001
9.696507  18.536085  14.991611  1.000002  26.775795  7.930996  1.000001  1.000001  18.069001  1.000001
10.550950  4.999974  1.013453  17.845938  26.589685  7.280912  14.589335  15.116576  1.000001  1.013175
7.420052  16.811159  15.086986  1.000002  26.681801  11.108668  2.027609  1.000002  17.833924  1.029798
7.265637  16.971736  1.042707  1.000002  26.719918  11.344923  2.074972  14.722401  17.819402  1.038301
16.915525  18.477716  14.893216  4.126764  26.586778  2.999990  1.000001  1.000001  13.000007  1.000001
17.676551  18.476649  14.891456  1.371953  26.583391  2.999988  1.000001  1.000001  15.000010  1.000001
7.680506  6.451728  14.712614  1.000002  27.155150  10.119858  12.962295  1.037700  17.880146  1.000001
17.194724  10.996189  1.016951  17.411214  26.380922  1.034601  8.381327  15.564762  1.000001  1.019310
10.677645  8.783210  14.680670  17.841342  1.017133  7.275103  10.957405  1.057364  1.000002  26.710125
17.195398  4.999969  1.013339  17.410711  26.380583  1.025281  14.708889  15.252174  1.000001  1.013655
7.377138  18.681490  1.040724  1.000002  26.900647  10.355809  1.016571  14.761962  17.857291  1.008366
10.347149  12.639320  15.142718  17.863783  1.007030  7.508100  6.319810  1.013415  1.000002  27.158674
17.476877  12.472435  1.016148  17.409137  26.625403  1.013128  6.228217  15.750870  1.000001  1.007785
13.512270  10.999997  1.013015  4.999979  26.474738  3.798725  8.145658  15.638536  14.398209  1.018872
11.676959  10.471520  1.013065  1.000002  26.838455  5.842446  8.307336  15.562779  18.279927  1.007512
17.657650  6.137840  1.013258  17.408566  26.782685  1.013016  12.646278  15.333594  1.000001  1.007111
16.915888  7.024022  14.640139  17.412341  1.007610  1.037924  12.659106  1.051063  1.000001  27.251906
11.088525  18.526742  14.975582  3.664072  26.745080  7.512829  1.000001  1.000001  14.487169  1.000001
13.984034  18.487681  14.909731  4.999962  26.618592  3.557305  1.000001  1.000001  14.442693  1.000001
10.760188  12.506440  1.050624  17.832550  26.850198  7.147633  7.026198  14.818458  1.000001  1.007710
18.712493  18.459206  14.862845  6.437284  26.528173  1.000000  1.000000  1.000001  10.999998  1.000000
1.052649  14.407249  15.346774  1.000002  27.193326  16.585683  4.999978  1.000002  17.414336  1.000001
10.691287  8.072726  15.377528  17.840873  1.017586  7.274902  10.996222  1.017083  1.000002  26.711792
17.246378  12.354978  14.974656  17.410508  1.013479  1.024904  6.993617  1.020081  1.000001  26.961397
10.549613  6.927504  1.087963  17.846882  26.588039  7.299838  13.068633  14.617319  1.000001  1.014209
18.008265  12.993592  1.588926  17.409215  1.000001  1.046377  5.589023  13.820120  1.000002  27.544479
1.060417  7.918622  15.643037  1.000002  27.377923  16.585243  10.996379  1.003609  17.414768  1.000001
14.663847  18.497388  14.925927  4.263081  26.649756  4.999991  1.000001  1.000001  13.000007  1.000001
11.587789  18.523861  14.970667  1.182017  26.735666  7.397422  1.000001  1.000001  16.602576  1.000001
12.365043  18.518261  14.961130  4.438198  26.717369  6.999992  1.000001  1.000001  13.000005  1.000001
16.175692  18.478831  14.895061  8.860080  26.590335  2.999994  1.000001  1.000001  9.000003  1.000001
14.210300  18.498571  14.927909  6.709654  26.653566  4.999993  1.000001  1.000001  11.000004  1.000001
17.464083  17.681541  1.194885  17.409184  23.250309  1.013242  1.282041  16.442821  1.000001  3.261895
17.990626  6.271242  14.544298  17.406870  26.786963  1.000001  12.962241  1.037758  1.000001  1.000000
17.716989  18.555994  15.197378  17.408730  14.120910  1.019688  1.000001  1.000001  1.000001  12.980310
10.790021  6.188393  15.605825  17.831202  26.584558  7.139977  12.850316  1.003093  1.000001  1.006612
18.712493  18.459206  14.862845  6.437284  26.528173  1.000000  1.000000  1.000001  10.999998  1.000000
19.133333  18.459008  14.862521  4.017590  26.527548  1.000000  1.000000  1.000001  12.999998  1.000000
1.059641  8.637404  14.941858  1.000002  27.361095  16.585288  10.959401  1.040583  17.414726  1.000001
11.008112  12.092645  15.252426  17.817489  26.829329  7.000000  6.999998  1.000001  1.000001  1.000001
10.827195  8.385014  1.018481  17.830293  26.939017  7.146542  10.594447  15.251733  1.000001  1.007278
7.435359  10.544198  15.328728  1.000002  26.691714  10.435843  8.692902  1.004803  17.857226  1.009227
11.088861  7.703588  15.446046  17.814946  26.946559  6.999996  10.996392  1.003611  1.000001  1.000001
18.725191  18.670662  14.747570  17.405460  1.451118  1.013830  1.000001  1.014058  1.000001  24.972110
19.091298  18.634856  14.711429  17.403792  5.158625  1.000001  1.000001  1.016710  1.000001  20.983288
10.056771  6.993601  1.021463  17.943246  22.984919  9.053156  12.480030  15.099591  1.000002  3.367221
19.091298  18.634856  14.711429  17.403792  5.158624  1.000001  1.000001  1.016710  1.000001  20.983288
19.991967  18.661872  14.738405  17.401521  2.206235  1.000001  1.000001  1.014592  1.000001  22.985406
10.109322  6.993511  1.031535  17.890709  14.974923  7.899931  12.380864  15.023134  1.000002  12.696069
18.275978  18.575572  14.652478  17.406035  12.089936  1.000001  1.000001  1.024845  1.000001  14.975152
1.040080  6.194214  15.804260  1.000002  26.961445  16.901982  12.676508  1.003072  17.412504  1.005934
17.242959  12.892327  14.440795  17.410520  1.013399  1.024909  6.927298  1.088365  1.000001  26.959427
7.519785  7.154219  14.850418  1.000002  20.475575  10.339737  12.681183  1.039136  17.864618  7.075326
17.749950  5.110286  14.783134  17.408157  17.948472  1.010608  14.861610  1.033370  1.000001  9.094411
19.051538  6.136669  1.013258  4.018372  26.780163  1.012077  12.646322  15.334489  12.999999  1.007112
10.411408  18.557049  15.041133  17.913978  23.076432  8.683012  1.000001  1.000001  1.000001  3.316985
18.890090  18.672017  14.748889  17.404766  1.284238  1.009034  1.000001  1.013965  1.000001  24.977000
16.916108  5.125211  14.538599  17.412258  1.007825  1.036409  14.696887  1.049575  1.000001  27.217129
10.785569  11.132487  14.672658  17.834757  26.574528  7.211945  8.724141  1.053913  1.000001  1.010000
18.463725  19.324053  2.676408  17.405503  27.130312  1.000000  1.000000  10.999999  1.000000  1.000000
15.373574  19.023322  5.668167  9.952009  26.982928  3.355676  1.000001  9.000009  8.644313  1.000001
13.684975  16.794390  14.994611  9.043772  26.482252  5.490186  2.475220  1.000002  9.000008  1.034585
9.806041  8.584826  14.633583  2.999972  26.975578  8.021045  10.954131  1.045864  15.978959  1.000001
11.712241  8.564230  14.611907  1.181044  26.930578  7.395203  10.954114  1.045881  16.604801  1.000001
10.888539  6.250693  1.013364  17.828268  27.019135  7.146042  12.641994  15.204902  1.000001  1.007060
16.916737  15.292817  14.370298  17.413373  1.006775  1.056887  4.121662  1.150266  1.000001  27.671185
10.833929  8.317530  1.072157  17.830112  26.946272  7.147341  11.178141  14.667229  1.000001  1.007287
10.753456  12.554882  1.016270  17.832736  26.842657  7.146892  6.225446  15.619931  1.000001  1.007730
10.510808  16.971462  1.042931  17.874234  26.600566  7.861011  2.317846  14.780032  1.000001  1.041110
7.439524  1.013752  14.821212  1.000002  26.725510  10.283515  18.823358  1.025696  17.862831  1.004600
18.405263  1.386747  14.636941  17.405664  27.165386  1.000000  16.973250  1.026749  1.000001  1.000000
16.914046  12.633191  15.032944  17.412854  1.006965  1.047224  6.476627  1.013505  1.000001  27.462642
11.005996  12.721406  14.627610  17.817556  26.827432  7.000000  6.930614  1.069384  1.000001  1.000001
16.875467  14.673244  1.033254  17.412605  1.005430  1.040232  5.105707  14.884732  1.000002  26.969328
17.195255  6.993618  1.019801  17.410818  26.380508  1.027266  12.674868  15.282946  1.000001  1.014919
10.517095  18.758183  14.866415  17.846920  1.011386  7.277475  1.000001  1.013671  1.000001  26.708852
17.194353  12.960232  1.054351  17.411493  26.379570  1.039735  7.132319  14.805709  1.000001  1.022236
10.350799  11.177186  14.602958  17.861800  1.007257  7.468646  8.378999  1.072199  1.000002  27.080154
18.076753  1.355151  1.013463  17.407272  27.147362  1.012733  16.891907  15.088742  1.000001  1.006617
10.759679  6.774403  14.607545  17.838537  1.019835  7.273903  12.960464  1.054317  1.000002  26.711315
10.584557  13.004290  14.552672  17.844563  1.013919  7.276478  6.927436  1.088110  1.000002  26.707974
17.478516  13.218064  1.403666  17.409167  27.490587  1.013681  6.849029  13.137288  1.000001  1.000001
18.899707  8.134332  1.865213  17.404309  26.696439  1.000001  11.203872  12.788336  1.000001  1.007791
7.994279  14.310755  15.205418  16.571812  26.917736  10.803939  4.999995  1.000001  1.196064  1.000001
10.232895  18.554324  15.033364  16.479592  24.699824  8.741670  1.000001  1.000001  1.258336  2.999991
18.085367  14.189661  15.035277  1.107063  26.582632  1.041655  4.999989  1.000001  16.958354  1.000001
15.705055  12.572952  15.167631  1.125876  26.428485  3.294048  6.874969  1.000002  16.817525  1.013456
13.962717  18.491307  14.915772  10.999982  26.630221  3.983515  1.000001  1.000001  8.016483  1.000001
14.002714  14.857021  14.455099  10.999985  26.685182  3.981322  4.879929  1.120067  8.018681  1.000001
7.568082  14.310377  15.204868  1.000002  26.916670  10.125337  4.999984  1.000002  17.874676  1.000001
13.980783  16.436316  14.928046  10.999984  26.654871  3.982524  2.983482  1.016514  8.017479  1.000001
13.963456  16.439451  14.932867  12.999993  26.664232  4.336229  2.983486  1.016512  5.663772  1.000001
13.964913  16.881276  14.485248  12.999993  26.668570  4.336126  2.780160  1.219836  5.663877  1.000001
17.460912  19.646931  1.258288  17.409204  23.224665  1.013414  1.000001  14.705355  1.000001  3.281229
17.488241  15.570442  1.211482  17.409109  23.320726  1.013247  3.447603  16.278689  1.000001  3.260460
17.476741  17.575908  1.264092  17.409153  23.274105  1.013376  2.597377  15.113424  1.000001  3.275821
18.630140  19.436611  2.419257  17.405039  23.108954  1.000001  1.000001  12.578048  1.000001  3.421949
18.589483  17.320765  2.494866  17.405152  25.189735  1.000001  2.639548  12.472498  1.000001  1.887952
13.075733  16.799390  15.016726  1.576353  26.531797  7.625323  2.341329  1.000002  15.000020  1.033326
18.167489  14.599511  1.032774  17.407008  9.793219  1.012684  5.112247  15.129798  1.000002  16.745269
7.536127  10.767873  14.659457  15.000024  27.036519  12.410082  8.942084  1.057915  1.589918  1.000001
13.276035  18.514987  14.955575  1.546688  26.706715  6.999989  1.000001  1.000001  15.000009  1.000001
16.583152  16.973142  1.026854  17.416850  1.000001  1.097634  1.815916  14.942885  1.000002  28.143564
17.913314  8.335079  14.632003  17.407099  26.712505  1.000001  10.959236  1.040763  1.000001  1.000000
10.983180  14.895287  14.510535  17.818279  26.792720  7.000002  4.880161  1.119835  1.000001  1.000001
1.064335  6.614281  14.855243  1.000002  27.466139  16.585023  12.962318  1.037670  17.414988  1.000001
7.568082  14.310378  15.204868  1.000002  26.916670  10.125337  4.999984  1.000002  17.874676  1.000001
10.788714  9.189014  14.609369  17.832851  26.580051  7.173845  10.770054  1.047893  1.000001  1.008207
17.926905  7.596450  15.345254  17.407059  26.724331  1.000000  10.996387  1.003612  1.000000  1.000000
11.138367  6.382299  14.649248  17.813400  27.016686  6.999996  12.962285  1.037718  1.000001  1.000001
10.794393  1.013724  14.756544  17.829156  26.606183  7.100219  18.869240  1.025804  1.000001  1.004735
1.039527  12.589559  15.429564  1.000002  26.941349  17.143880  6.433914  1.000002  17.411648  1.010556
18.185470  1.750093  14.623594  17.407504  1.033339  1.023633  16.972051  1.042467  1.000001  26.961848
17.525244  6.184079  15.500673  17.408949  26.381056  1.012416  12.977384  1.003102  1.000001  1.007098
11.042430  12.196751  15.184702  1.707199  26.868918  8.999992  6.993885  1.006105  15.000017  1.000001
9.447052  12.211019  15.202866  1.233785  26.905278  9.490651  6.993886  1.006103  16.509359  1.000001
11.159955  18.526095  14.974476  3.596514  26.742960  7.460032  1.000001  1.000001  14.539966  1.000001
9.692888  18.536698  14.992659  2.999965  26.777790  8.026375  1.000001  1.000001  15.973623  1.000001
11.240867  1.456082  1.013569  17.816962  27.472520  7.143481  16.888178  14.961789  1.000001  1.006550
10.790685  6.994768  14.797419  17.831458  26.585670  7.145819  12.812298  1.034994  1.000001  1.006887
10.784842  10.438680  15.369921  17.834419  26.572139  7.204280  8.786078  1.000001  1.000001  1.009640
17.453150  14.489820  1.044251  17.409217  26.603562  1.013209  4.911628  15.067169  1.000001  1.007994
16.916106  11.175058  14.489019  17.412624  1.007191  1.043155  8.514708  1.072162  1.000001  27.369973
18.145516  18.558011  14.634985  17.406412  14.255076  1.000001  1.000001  1.029205  1.000001  12.970793
17.773105  16.931361  6.551051  15.285426  18.459057  1.021649  2.999992  8.978372  2.999994  8.999993
15.983654  10.999994  6.557940  17.525797  13.932615  3.075392  8.328680  9.314561  1.000002  13.281364
17.276993  13.381562  8.349588  17.412097  22.579760  1.055998  6.228280  7.993924  1.000002  4.721797
7.413706  12.555961  1.050792  2.999982  26.979559  10.461849  7.025497  14.753114  15.751863  1.007678
10.988300  18.535859  14.991216  1.709594  26.775031  8.999990  1.000001  1.000001  15.000007  1.000001
9.475355  12.538920  1.050741  15.000022  26.934963  10.430677  7.025748  14.773625  1.762261  1.007689
7.388344  10.496657  1.059222  15.000026  27.055752  12.652746  9.108502  14.654129  1.577167  1.007455
8.753142  10.776388  14.331174  17.997467  23.141829  9.000011  8.931216  1.172579  1.000002  4.896192
10.796170  12.574975  1.002823  17.831263  22.794768  7.145586  6.216920  17.312615  1.000002  3.324876
16.989687  12.120386  15.088409  4.126089  26.675429  2.999988  6.993879  1.006118  13.000014  1.000001
5.380575  17.007749  14.501831  13.000009  25.109836  13.694953  2.737700  1.387457  4.305077  2.874814
9.768431  18.746340  10.560233  1.000002  26.924994  7.927832  1.000001  4.999993  18.072173  1.000001
3.236572  12.302543  15.320745  2.999975  27.140165  14.568485  6.993898  1.006087  15.431529  1.000001
17.425689  16.545744  1.039352  17.409303  26.579912  1.013211  2.683735  15.294810  1.000001  1.008243
13.748099  15.606658  1.212230  10.999994  23.433019  4.096894  3.446145  16.215655  7.986532  3.254775
3.521313  12.657965  1.043445  16.537367  21.239910  15.196129  7.018551  15.279173  2.999979  4.506168
7.568021  14.385130  15.130191  1.000002  26.916655  10.125340  4.991021  1.008964  17.874674  1.000001
13.678277  19.598494  1.319504  10.999992  27.403733  4.104006  1.000001  12.913969  7.982023  1.000001
14.064648  16.915659  14.186547  10.999986  22.833160  3.977946  2.729878  1.402994  8.022069  4.867113
13.727575  17.714637  1.195630  10.999992  23.362165  4.098022  1.281558  16.378826  7.985380  3.256213
18.500388  14.894454  14.296006  17.405401  9.903751  1.000001  4.887731  1.138285  1.000001  16.973981
18.920514  6.999981  1.572035  17.404824  16.102646  1.011447  12.482354  13.929969  1.000002  10.576229
19.517671  6.257962  1.576686  17.402705  14.244977  1.000001  12.652876  13.783614  1.000002  12.563507
19.739193  8.443583  1.577974  17.402152  9.837097  1.000001  10.500683  13.743940  1.000002  16.755374
7.732744  18.573985  15.059660  16.606357  25.027254  12.379131  1.000001  1.000001  1.179957  1.440910
7.437374  6.190501  15.668207  1.000002  26.703917  10.341878  12.788019  1.003088  17.860644  1.006371
10.049853  12.203206  15.192915  4.668666  26.885359  8.999997  6.993888  1.006104  13.000010  1.000001
11.723877  7.703334  15.445803  1.180954  26.946031  7.394996  10.996387  1.003611  16.605005  1.000001
11.117947  7.724210  15.465221  1.703904  26.988718  8.999988  10.996386  1.003611  15.000014  1.000001
11.073944  9.887198  15.413210  1.705819  26.919829  8.999990  8.999992  1.000002  15.000015  1.000001
13.311806  14.254836  15.125873  1.545920  26.761566  6.999990  4.999988  1.000002  15.000019  1.000001
12.509962  7.693714  15.436837  4.433190  26.926297  6.999989  10.996390  1.003611  13.000009  1.000001
14.663847  18.497388  14.925927  4.263081  26.649756  4.999991  1.000001  1.000001  13.000007  1.000001
13.372561  9.855737  15.378881  1.544626  26.848195  6.999987  8.999994  1.000002  15.000017  1.000001
17.570899  8.805834  1.532862  17.408882  27.681523  1.013744  10.907539  13.078715  1.000001  1.000001
11.696144  13.294257  1.407974  6.910146  27.691479  7.145358  6.848665  13.005973  11.000002  1.000001
17.478516  13.218064  1.403666  17.409167  27.490587  1.013681  6.849029  13.137288  1.000001  1.000001
17.422751  17.495431  1.321821  17.409338  27.350658  1.013618  2.604304  13.382076  1.000001  1.000001
14.015352  15.101175  3.024450  15.533881  27.325142  4.999993  4.999990  11.000026  2.999990  1.000001
16.943135  6.124388  13.534757  17.421208  22.976513  1.201933  12.931492  2.999996  1.000002  4.866576
9.352163  14.698068  15.158268  7.166936  26.624564  9.457273  4.525637  1.000002  11.000007  1.017081
18.597573  17.461925  2.339016  17.405128  27.196357  1.000001  1.322885  12.677113  1.000001  1.000000
18.162581  17.229233  5.230874  17.406365  26.970947  1.000001  1.434743  10.565255  1.000001  1.000000
18.601841  15.346741  2.397502  17.405118  27.248799  1.000001  3.554631  12.445367  1.000001  1.000001
16.324677  15.359032  2.496651  17.518719  27.300921  2.999990  3.560121  12.439887  1.000001  1.000001
16.322353  17.471913  2.438313  17.518739  27.248681  2.999990  1.325281  12.674727  1.000001  1.000001
16.189507  19.331246  2.775698  17.519998  27.183551  2.999990  1.000001  11.000008  1.000001  1.000000
18.482705  15.080295  2.815890  17.405452  27.215658  1.000001  4.999989  11.000009  1.000001  1.000001
10.184882  8.882951  3.164289  7.090677  27.677201  8.999990  10.395602  11.604407  11.000000  1.000001
9.575312  12.746363  14.660477  7.125604  26.892245  9.000000  6.930671  1.069321  11.000006  1.000001
1.040298  12.951252  12.514095  1.000002  23.494353  17.771172  6.795474  2.297891  17.409665  4.725799
17.626706  8.595497  10.829902  17.408773  26.539122  1.015077  10.945086  5.031233  1.000001  1.008603
18.615787  11.022503  2.582933  17.405083  27.373694  1.000001  8.153050  11.846947  1.000001  1.000001
9.893910  3.174528  3.369123  7.115108  27.447331  9.137171  16.380699  11.477012  10.999995  1.005123
18.162581  17.229233  5.230874  17.406365  26.970947  1.000001  1.434743  10.565255  1.000001  1.000000
15.661813  16.994160  11.979313  17.525191  22.839523  3.000000  2.090242  4.421178  1.000002  4.488578
18.088548  16.676828  10.137970  15.283277  22.813377  1.000002  2.848407  5.856111  2.999998  4.295481
18.566630  15.198182  5.078411  13.135139  23.021639  1.000002  3.725973  11.604564  4.999998  3.669463
18.256702  17.061895  9.722839  13.136064  22.822501  1.000002  1.738844  7.075875  5.000002  4.185277
18.883668  15.436069  2.187354  15.280978  23.211931  1.000002  3.520750  14.107948  2.999992  3.371309
19.031426  15.436027  2.187022  13.133801  23.211724  1.000002  3.520732  14.107982  4.999996  3.371289
18.759466  15.436104  2.187638  17.404685  23.212107  1.000001  3.520763  14.107909  1.000001  3.371325
11.369540  18.522229  14.967886  11.410019  26.730326  6.999999  1.000001  1.000001  6.999999  1.000001
16.645805  8.989707  1.662154  17.518713  16.183622  3.060521  10.372738  13.963931  1.000002  10.602808
17.805844  13.982793  13.815715  17.408416  13.987231  1.018883  5.574915  1.659106  1.000001  13.747094
13.797288  16.181254  13.932444  1.535936  11.553078  6.999991  3.339372  1.715252  15.000040  15.945345
13.823322  12.584179  8.658442  1.535424  14.398633  6.999986  6.719090  7.303126  15.000039  12.977759
17.884766  10.322918  12.106628  17.408673  7.277014  1.028303  9.178303  3.925008  1.000002  19.868385
17.578086  10.327654  11.735919  17.410061  13.948280  1.036392  9.310893  4.046772  1.000002  13.605941
18.753583  17.550706  2.134557  17.404699  23.156455  1.000001  1.309197  14.324051  1.000001  3.366750
18.553234  17.301068  5.027554  13.135177  22.982967  1.000002  1.406589  11.936580  4.999998  3.656832
19.025526  17.550643  2.133946  13.133816  23.156069  1.000002  1.309184  14.324103  4.999995  3.366715
15.900854  14.879394  14.144566  13.260564  22.814622  2.999999  4.855480  1.259474  5.000006  4.885042
15.476681  17.516446  1.323081  13.268493  27.415299  3.059367  2.604064  13.336574  4.999993  1.000001
15.537160  15.592930  1.211960  13.267722  23.390229  3.057790  3.446703  16.238561  4.999996  3.256949
15.404183  15.185072  5.931765  15.413176  23.065805  3.083041  3.773651  11.409662  2.999995  3.733651
15.210094  17.516932  1.323105  17.533068  27.416801  3.060249  2.604059  13.335689  1.000001  1.000001
15.259881  17.597743  1.264849  17.532473  23.345054  3.059209  2.597068  15.071377  1.000002  3.272345
17.964453  16.676894  10.138109  17.406947  22.813598  1.000001  2.848408  5.856107  1.000001  4.295482
17.216507  14.061006  15.027279  17.410762  3.284446  1.027457  5.462505  1.402467  1.000001  24.107569
18.774938  16.494894  1.764324  17.404640  26.561203  1.000001  3.077336  12.913920  1.000001  1.008743
18.587905  19.324031  2.676107  15.281809  27.130148  1.000001  1.000001  11.000008  2.999991  1.000000
11.592225  18.521302  14.966306  9.192870  26.727297  6.999997  1.000001  1.000001  9.000001  1.000001
9.634501  13.349622  4.182551  4.730612  25.102714  9.563113  6.616798  10.765912  13.000022  3.054155
9.764237  19.265229  3.967069  4.700664  27.302800  9.225563  1.000001  10.774434  13.000002  1.000001
18.915538  16.778746  14.936740  4.021112  26.347864  1.063358  2.898678  1.000001  13.000010  1.037953
10.827427  12.580134  15.255480  1.732890  26.604069  9.302456  6.685284  1.000002  15.000017  1.012242
10.804893  12.148305  7.562537  1.733397  26.750868  9.291659  7.307555  8.387613  15.000022  1.013150
16.840176  8.511761  7.661211  17.424683  24.562168  1.258153  11.323428  8.536333  1.000002  2.882084
10.592305  10.424028  9.786324  1.762363  26.434979  9.631265  9.242906  6.099365  15.000023  1.026442
10.833112  10.542292  15.286059  1.729069  26.609469  9.235514  8.750140  1.004796  15.000016  1.009533
1.052635  14.962336  14.791261  1.000002  27.193766  16.585686  4.895431  1.104544  17.414338  1.000001
9.882507  9.204992  12.762353  16.457482  26.692665  9.807970  10.631594  2.279126  1.273273  1.008037
9.519028  11.377583  1.274832  15.000026  23.828531  10.429644  8.065781  15.496140  1.764748  3.243688
10.815102  11.342272  1.274371  17.830794  23.737461  7.148666  8.066805  15.536238  1.000002  3.248289
10.785900  13.502104  1.242910  17.831744  23.637343  7.148480  5.848233  15.753890  1.000002  3.249394
11.413700  16.808406  15.064216  9.237146  24.476533  7.656150  2.200472  1.000002  9.000013  3.143363
10.848357  12.601982  1.000002  17.829542  20.720117  7.145353  6.033082  16.890011  1.000002  5.931552
10.820504  11.097145  3.783282  17.831909  23.467159  7.175859  8.184237  13.131818  1.000002  3.508084
7.461591  6.475354  14.738020  1.000002  25.325033  11.744815  12.962318  1.037684  17.816220  1.438963
17.048241  8.310966  10.138299  17.412032  2.090463  1.040282  11.103920  6.124444  1.000002  25.731352
1.039527  12.589559  15.429564  1.000002  26.941349  17.143880  6.433914  1.000002  17.411648  1.010556
7.531872  18.563270  15.038832  6.999977  26.866048  10.527954  1.000001  1.000001  11.472044  1.000001
9.688444  18.537436  14.993930  4.999969  26.780222  8.144602  1.000001  1.000001  13.855396  1.000001
7.636536  8.497647  14.800134  1.000002  27.065681  10.121995  10.959330  1.040662  17.878012  1.000001
15.184060  18.482953  14.901882  7.827628  26.603477  3.291440  1.000001  1.000001  10.708557  1.000001
17.526761  6.992977  14.689172  17.408973  26.382117  1.012970  12.944508  1.035108  1.000001  1.007413
7.437988  6.995642  14.861364  1.000002  26.705005  10.350301  12.747783  1.034915  17.860375  1.006628
17.576915  8.283627  1.018370  17.408821  26.712267  1.013077  10.597860  15.381733  1.000001  1.007329
10.587007  12.469770  15.084733  17.844478  1.014013  7.276440  6.993623  1.019981  1.000002  26.709955
7.400572  14.603357  1.049248  1.000002  26.946822  10.354598  5.125724  14.653327  17.858455  1.007896
17.455393  14.481502  1.048664  17.409211  26.605230  1.013224  5.126379  14.852411  1.000001  1.007985
11.628997  14.543738  1.048988  1.000002  26.778276  5.845398  5.126045  14.742580  18.278037  1.007940
1.054258  12.876461  14.835068  1.000002  27.234212  16.585594  6.931002  1.068976  17.414427  1.000001
11.898712  18.520064  14.964198  6.893772  26.723254  6.999995  1.000001  1.000001  11.000003  1.000001
16.914300  6.220305  15.445446  17.412321  1.007629  1.037459  12.703501  1.016429  1.000001  27.242610
16.914406  10.587754  15.078054  17.412603  1.007182  1.042655  8.578439  1.018609  1.000001  27.360295
18.405648  10.749287  14.281715  17.405671  12.157679  1.000001  8.937998  1.090046  1.000001  14.971953
19.778928  3.071207  14.571191  17.402418  2.176256  1.007804  16.743570  1.045694  1.000001  23.202931
10.352706  6.223807  15.556754  17.859035  1.007698  7.411433  12.602545  1.016328  1.000002  26.969693
10.349861  10.592368  15.188920  17.861604  1.007248  7.463767  8.445497  1.018530  1.000002  27.072204
8.113451  10.593775  15.230535  18.054972  1.007268  9.594859  8.404520  1.018498  1.000002  26.982122
10.645284  8.383806  2.034137  2.999981  26.936791  7.983032  10.650179  13.342026  16.016960  1.007802
10.349685  8.874496  3.118912  1.000002  27.656906  7.902955  10.394410  11.605592  18.097043  1.000001
17.469329  13.330408  1.300317  17.409186  27.490760  1.013509  6.047714  13.938775  1.000001  1.000001
9.696507  18.536085  14.991611  1.000002  26.775795  7.930996  1.000001  1.000001  18.069001  1.000001
9.688444  18.537436  14.993930  4.999968  26.780222  8.144601  1.000001  1.000001  13.855396  1.000001
1.040133  6.997157  15.000330  1.000002  26.962379  16.913850  12.632807  1.034717  17.412467  1.006159
9.886870  16.971573  1.042839  16.455231  26.643488  9.706173  2.220589  14.757978  1.275205  1.040055
18.124168  14.648676  1.033128  17.407700  3.786328  1.023615  5.107717  14.950373  1.000002  22.918293
18.145516  18.558011  14.634985  17.406412  14.255077  1.000001  1.000001  1.029205  1.000001  12.970793
18.145516  18.558011  14.634985  17.406412  14.255076  1.000001  1.000001  1.029205  1.000001  12.970793
18.965372  6.255285  4.132364  17.404140  14.242839  1.000001  12.800090  11.511588  1.000002  12.688318
9.273020  5.105127  14.718701  1.239237  26.663915  9.660865  14.797528  1.033548  16.502176  1.005882
16.574499  19.572974  1.317830  16.214715  27.319983  1.643785  1.000001  12.971881  2.384333  1.000001
17.455393  14.481502  1.048664  17.409211  26.605230  1.013224  5.126379  14.852411  1.000001  1.007985
12.061139  6.238627  1.938339  17.786358  26.975537  6.999986  12.699456  13.293029  1.000001  1.007528
9.346453  14.558447  15.082056  10.999994  1.013049  9.162543  4.999984  1.013482  7.172514  26.651477
17.450278  15.344088  1.378661  17.409257  27.417717  1.013695  4.999987  12.986317  1.000001  1.000001
17.418435  7.673982  13.488640  17.409934  1.009009  1.024623  11.769271  1.335258  1.000001  27.870847
9.499389  16.619276  1.044317  1.000002  26.837016  8.119317  3.072283  14.749609  18.050641  1.008150
11.508093  6.239617  6.704850  3.655633  26.891807  7.503596  13.030568  8.958660  14.496400  1.010776
9.534515  10.499096  10.996569  1.232380  26.737439  9.488831  9.250964  4.728825  16.511187  1.020192
9.515776  14.573378  1.049123  1.000002  26.861721  8.118511  5.125887  14.696307  18.051377  1.007918
9.328086  10.048085  7.290728  1.303681  25.029420  11.051711  9.371888  8.604035  16.423656  1.548710
15.868162  13.333238  1.300409  2.999972  27.498220  1.145920  6.047646  13.934507  16.871927  1.000001
17.750471  18.460154  14.864389  3.393829  26.531157  1.049450  1.000000  1.000001  14.950548  1.000000
17.617986  19.326102  2.703193  16.207682  27.145036  1.546601  1.000001  11.000014  2.453383  1.000001
12.540713  7.466912  13.897896  4.432140  26.662339  6.999991  12.305963  1.659884  13.000015  1.034146
17.392627  8.215958  1.071971  5.598611  26.720832  1.075737  11.179670  14.798415  12.938839  1.007338
17.581272  13.996047  11.757374  15.287576  26.377731  1.049807  5.414609  4.510297  2.999997  1.025290
17.569251  2.666578  14.886134  17.408658  24.469379  1.009516  16.938318  1.100058  1.000001  2.952107
17.618011  2.668721  14.721483  17.408500  22.583284  1.009402  16.918679  1.121723  1.000001  4.950195
1.056765  12.898199  14.874132  1.000002  25.170902  16.585470  6.931111  1.068873  17.414585  2.999960
8.488407  14.775565  15.133160  18.030392  24.572476  9.467788  4.447450  1.010120  1.000001  3.074641
7.755054  16.977222  6.012475  1.000002  27.255247  10.116259  2.999976  9.000006  17.883757  1.000001
10.228633  17.242587  3.154341  1.000002  27.374437  7.908037  2.999975  11.000017  18.091970  1.000001
11.206457  5.309716  15.719531  17.811291  24.953004  7.000000  12.997101  1.002916  1.000001  2.999981
17.842987  6.053922  1.097916  15.284739  24.720436  1.012993  13.236837  14.718553  2.999985  3.031632
10.770798  14.695107  15.127867  17.843019  26.563209  7.377457  4.604788  1.000001  1.000001  1.017753
17.043272  6.161064  1.014411  14.059132  24.722122  1.223372  12.641572  15.309066  4.794470  3.031520
17.179512  3.913959  1.014519  14.058739  24.833271  1.221282  14.767117  15.184674  4.796389  3.030538
17.477391  1.373765  1.014614  14.057899  25.076331  1.216827  16.886621  15.066721  4.800473  3.029358
10.780007  12.663390  15.151736  17.837494  26.567372  7.266088  6.714911  1.006458  1.000001  1.012542
10.770798  14.695107  15.127867  17.843019  26.563209  7.377457  4.604788  1.000001  1.000001  1.017753
17.411063  16.403131  14.877526  7.751696  26.556583  1.072689  2.983455  1.016539  10.927317  1.000001
10.673592  14.347408  15.076143  8.092051  26.810806  7.681948  4.991016  1.008977  10.318058  1.000001
11.366183  5.299258  3.163084  17.812295  27.359180  7.125696  14.327418  11.540919  1.000001  1.005966
10.946361  11.303236  8.060968  17.829799  26.859635  7.218328  8.269857  7.501528  1.000001  1.010286
1.147444  10.996224  1.017155  18.884719  26.954458  15.788685  7.916858  15.277791  1.000001  1.016664
10.704236  18.644056  1.040548  17.834420  26.776739  7.147981  1.016598  14.827018  1.000001  1.008402
1.174028  11.135894  14.869913  18.878464  26.941701  15.451113  8.486054  1.054157  1.000001  1.008676
11.007768  12.181029  15.164757  17.817499  26.828946  7.000000  6.993891  1.006108  1.000001  1.000001
8.476620  11.133358  14.714452  18.022684  26.652886  9.272540  8.663789  1.054001  1.000001  1.009669
14.210300  18.498571  14.927909  6.709654  26.653566  4.999993  1.000001  1.000001  11.000004  1.000001
18.008598  12.448167  8.254701  17.406819  26.881716  1.000001  6.926122  7.073876  1.000001  1.000001
9.996771  18.540722  14.999595  4.671848  26.791064  8.999994  1.000001  1.000001  13.000003  1.000001
8.900380  18.549810  15.015334  3.713311  26.821165  9.566881  1.000001  1.000001  14.433117  1.000001
15.640490  19.586140  1.318721  11.091583  27.363066  3.058990  1.000001  12.941014  6.999993  1.000001
15.641865  18.598102  1.040305  11.091463  26.628265  3.057201  1.016631  14.917730  6.999994  1.008444
9.354365  18.547083  15.010604  1.275820  26.812128  9.544761  1.000001  1.000001  16.455236  1.000001
7.540687  18.561827  15.036301  2.999967  26.861217  10.233179  1.000001  1.000001  15.766818  1.000001
13.276035  18.514987  14.955575  1.546688  26.706715  6.999989  1.000001  1.000001  15.000009  1.000001
17.476322  6.596298  14.499077  17.409746  1.018557  1.024581  12.960543  1.054335  1.000001  26.960540
1.035573  10.777935  14.892032  1.000002  25.294459  18.333979  8.948724  1.051261  17.407684  1.258352
1.037914  10.808997  14.944409  1.000002  23.208678  17.846740  8.948823  1.051166  17.409293  3.743978
11.490931  1.488411  14.738892  17.802673  27.479092  6.999991  16.973286  1.026722  1.000001  1.000001
5.772880  1.014768  12.948359  18.349652  24.914341  13.719937  18.747716  1.920578  1.000002  1.611766
10.553430  1.013826  14.792573  17.885528  24.754643  8.147291  18.851487  1.025744  1.000001  1.975477
13.904318  18.499401  14.929303  9.010731  26.656247  4.999995  1.000001  1.000001  9.000002  1.000001
14.663847  18.497388  14.925927  4.263081  26.649756  4.999991  1.000001  1.000001  13.000007  1.000001
10.792332  5.104946  14.679969  17.830520  26.592234  7.127215  14.833161  1.033613  1.000001  1.006010
11.841237  18.511879  14.950312  2.999964  26.696609  5.782603  1.000001  1.000001  16.217394  1.000001
11.841237  18.511879  14.950312  2.999964  26.696609  5.782604  1.000001  1.000001  16.217394  1.000001
1.021676  16.245693  13.819098  1.000002  22.913531  19.322689  3.457905  2.371242  17.404257  2.443907
1.032966  16.237220  13.800997  1.000002  24.928816  18.302911  3.468901  2.453360  17.407654  1.367175
11.727390  10.438315  15.363265  6.911896  26.559134  7.194571  8.795730  1.000002  11.000006  1.009691
8.482567  6.995348  14.839331  18.018808  26.663947  9.189237  12.769106  1.034942  1.000001  1.006714
14.210300  18.498571  14.927909  6.709654  26.653566  4.999993  1.000001  1.000001  11.000004  1.000001
8.203139  18.556483  15.026961  12.370037  26.843381  10.041023  1.000001  1.000001  5.958974  1.000001
17.323845  18.460725  14.865323  7.817146  26.532961  1.084438  1.000001  1.000001  10.915560  1.000000
11.088525  18.526742  14.975582  3.664072  26.745080  7.512829  1.000001  1.000001  14.487169  1.000001
12.365043  18.518261  14.961130  4.438198  26.717369  6.999992  1.000001  1.000001  13.000005  1.000001
9.524822  18.543232  15.003934  7.128647  26.799365  8.999997  1.000001  1.000001  11.000001  1.000001
9.224069  18.544905  15.006831  9.419290  26.804905  8.999999  1.000001  1.000001  8.999999  1.000001
9.996771  18.540722  14.999595  4.671849  26.791063  8.999994  1.000001  1.000001  13.000003  1.000001
17.526768  9.068732  14.619629  17.409109  26.375761  1.015551  10.933064  1.042510  1.000001  1.008875
7.437177  9.071925  14.791788  1.000002  26.699108  10.389273  10.701478  1.042483  17.858955  1.007812
11.159955  18.526094  14.974476  3.596515  26.742960  7.460032  1.000001  1.000001  14.539966  1.000001
